79.811
85.123
38.364
48.270
84.510
79.951
55.306
29.211
13.493
77.921
29.729
74.439
63.590
88.540
61.754
79.535
62.990
39.659
84.177
8.836
9.880
1.916
86.256
31.816
58.420
46.448
28.244
35.366
90.699
24.278
46.522
71.501
-4.160
94.244
52.132
60.616
82.167
56.560
20.344
76.952
31.149
43.509
27.235
69.954
20.428
70.180
70.359
78.290
-0.315
47.773
70.242
89.727
43.072
75.434
76.025
37.841
63.382
13.304
31.553
92.962
6.083
40.001
54.694
73.087
93.735
51.555
15.436
23.615
91.509
28.880
50.812
7.172
41.371
88.805
80.371
66.218
70.789
-0.340
33.474
36.871
11.337
66.956
46.964
73.696
48.216
43.414
32.149
47.761
76.460
68.377
20.644
15.886
3.685
8.180
28.101
2.189
30.260
81.122
66.371
2.658
16.821
12.349
42.286
60.942
79.975
20.358
5.906
12.003
40.253
94.286
59.834
89.629
56.464
44.874
67.613
1.481
51.171
59.053
14.459
72.181
51.367
5.499
21.390
49.872
26.245
46.794
16.214
19.298
frame end
79.486
85.178
38.932
47.972
84.423
79.757
55.271
28.504
13.270
79.089
29.679
74.614
62.996
88.817
61.255
79.815
64.298
39.886
84.591
8.831
9.657
2.170
85.754
31.837
58.459
46.471
27.528
35.460
90.827
24.159
45.856
71.869
-4.036
93.786
52.753
60.422
82.662
56.813
19.951
77.389
30.820
43.994
27.439
70.230
20.010
70.287
71.430
78.172
-0.313
47.593
69.838
90.245
43.172
76.158
75.313
38.301
64.144
13.029
30.835
92.863
5.958
39.919
55.372
72.816
92.927
51.575
15.824
23.047
91.396
29.066
50.572
6.898
42.102
89.761
80.145
65.749
70.604
-0.275
33.055
36.986
11.316
66.367
46.275
73.328
47.913
42.774
31.952
47.855
76.404
68.555
20.306
15.314
3.847
8.973
27.813
2.546
31.059
80.854
66.329
2.444
16.798
12.421
42.411
60.394
79.881
20.442
6.788
11.418
40.344
94.226
60.456
90.170
56.482
44.291
68.049
1.381
50.793
58.546
14.899
71.927
50.686
6.511
23.007
50.765
26.259
47.177
17.052
19.592
frame end
80.043
85.234
39.214
48.117
84.608
79.723
55.505
28.933
13.210
78.156
30.127
74.869
63.695
88.269
60.402
79.582
63.951
40.456
85.017
8.419
9.398
1.417
86.223
31.755
58.579
46.496
28.342
35.069
90.600
23.727
45.911
72.619
-3.670
94.457
52.658
60.312
82.342
55.669
20.233
77.857
30.878
43.758
27.692
70.548
20.191
69.696
70.668
77.794
-0.353
48.629
69.419
89.734
42.986
74.925
76.342
38.024
63.522
12.627
31.193
92.961
6.124
39.974
54.435
73.241
92.569
51.796
15.171
23.153
91.816
29.730
50.298
6.391
41.790
90.395
79.977
65.425
69.610
-0.301
32.811
37.011
11.137
65.996
46.358
73.016
46.823
43.392
32.094
47.380
76.537
69.105
20.935
15.702
3.801
8.781
28.563
2.523
31.089
80.901
65.862
2.745
16.448
13.015
42.259
60.690
79.378
21.266
6.793
11.610
40.637
94.117
60.916
89.928
56.417
43.840
68.186
1.210
51.227
59.275
13.957
73.099
51.538
6.094
23.011
50.034
25.879
47.847
16.597
19.539
frame end
80.210
85.294
38.751
48.086
83.948
79.382
55.764
29.126
12.446
77.648
30.594
75.289
64.345
88.414
60.808
79.416
63.408
40.504
84.147
9.130
9.172
1.062
86.069
31.908
59.293
46.972
29.588
35.797
89.373
23.517
46.656
72.492
-3.313
94.363
52.146
59.756
82.289
54.220
21.207
77.953
30.580
44.285
27.940
70.598
20.573
70.191
70.905
78.248
-0.243
48.834
70.159
89.880
43.443
74.775
75.840
38.696
63.666
13.275
31.202
93.134
5.455
40.290
54.518
74.037
92.798
51.827
15.592
23.317
91.222
29.338
49.893
6.510
41.216
89.434
79.595
65.173
70.585
-0.282
32.324
36.408
10.526
66.973
46.554
73.557
47.252
42.825
32.865
48.217
76.393
68.926
19.594
16.054
4.615
7.859
28.512
2.039
30.668
82.703
66.264
2.522
16.521
12.237
42.289
60.670
79.610
20.902
6.821
11.843
40.204
94.172
62.272
89.829
56.457
43.095
69.086
1.659
51.468
60.084
13.747
74.337
51.727
6.434
23.214
50.007
25.903
47.924
16.273
19.835
frame end
79.591
85.488
40.132
47.610
84.424
78.817
55.054
28.605
13.280
77.433
30.467
75.141
63.870
87.756
61.310
79.198
63.591
39.861
84.458
7.852
8.646
1.777
86.403
30.523
58.610
47.224
29.074
35.913
89.951
23.765
47.328
72.392
-3.415
93.870
52.758
59.726
83.060
55.313
21.249
77.856
30.102
43.458
27.342
70.464
20.273
69.821
70.650
78.364
-0.500
48.498
69.644
91.195
43.217
74.490
76.229
39.211
64.471
13.042
31.048
93.201
5.271
40.945
54.196
73.491
92.902
51.531
15.094
23.355
91.260
29.361
50.307
8.219
41.590
90.143
80.506
65.955
70.487
-0.819
32.534
36.440
11.073
66.212
46.721
74.023
47.638
43.242
32.704
47.989
75.955
69.300
19.925
15.605
5.106
7.903
28.626
2.051
30.849
83.426
65.693
3.004
16.390
11.752
41.819
60.428
79.339
21.554
6.050
12.006
39.676
94.013
61.865
89.889
56.379
44.025
68.305
2.000
51.029
59.774
12.920
73.437
51.874
7.022
22.372
49.528
25.460
46.875
17.215
19.110
frame end
79.708
85.087
39.694
48.118
84.109
78.645
55.215
28.507
14.003
78.125
29.873
74.406
63.054
87.936
59.997
79.620
63.713
39.352
83.690
8.440
9.354
1.309
87.099
30.096
57.498
46.835
28.834
36.423
89.873
23.752
47.294
72.356
-3.053
93.840
52.907
59.402
82.798
55.483
20.904
78.055
29.994
43.598
26.609
69.848
19.776
69.766
70.996
78.032
-0.751
47.872
69.723
90.925
43.045
73.668
76.396
39.150
65.217
12.819
31.431
92.822
5.545
41.330
54.205
73.331
92.724
51.703
15.621
22.979
91.644
29.086
50.152
7.215
42.141
89.683
80.752
65.108
70.572
0.062
33.496
36.489
10.848
65.813
47.411
73.768
47.808
42.546
32.056
48.057
75.955
68.462
20.041
16.069
4.811
7.129
28.730
1.812
30.756
83.331
66.036
3.414
15.872
12.383
42.186
60.193
79.073
22.298
5.953
12.219
40.005
94.535
61.999
89.514
55.673
43.428
67.120
1.967
51.052
60.094
11.916
73.003
51.899
7.170
22.031
49.550
25.533
47.333
16.831
18.943
frame end
79.729
85.347
39.602
47.372
84.327
78.466
55.121
29.869
13.832
78.160
29.267
74.058
63.632
88.313
59.657
79.684
63.758
39.882
84.337
8.272
9.295
1.298
86.528
29.651
57.974
47.323
28.462
36.129
89.817
23.554
47.842
72.728
-3.094
93.858
51.673
59.563
83.444
55.556
20.548
77.902
29.804
44.340
26.302
70.259
19.891
69.989
70.630
78.169
-1.163
47.647
70.063
91.187
42.855
73.963
76.454
39.929
64.895
12.464
30.813
92.435
5.360
41.244
54.111
73.359
92.282
51.048
15.654
23.307
91.344
29.471
49.826
7.048
42.246
89.290
80.801
65.731
71.162
-0.769
33.178
36.776
11.629
65.900
46.235
73.810
47.414
42.926
32.888
48.297
75.796
68.708
20.228
16.361
3.898
7.777
28.558
3.039
31.246
83.125
66.422
2.935
16.934
13.284
41.052
60.168
78.990
21.992
6.568
14.098
39.773
94.880
61.450
89.517
55.501
43.643
67.881
1.884
51.242
59.844
11.503
72.885
52.375
7.265
21.717
49.349
25.406
46.652
16.292
18.556
frame end
79.740
85.390
39.335
47.079
83.977
78.819
54.820
29.280
13.351
78.233
28.844
73.625
63.335
88.642
58.757
79.446
63.453
39.395
84.688
7.878
9.790
1.075
86.264
31.115
57.687
47.362
27.457
35.692
89.922
23.857
47.326
72.819
-3.058
94.231
51.160
59.428
82.996
55.716
21.095
78.256
29.508
44.292
27.569
69.959
19.825
69.813
70.502
78.116
-0.745
47.047
69.179
90.149
42.352
73.660
75.935
39.592
63.847
12.464
31.171
91.128
5.638
40.991
54.318
73.007
91.318
51.358
15.772
22.669
91.794
28.811
49.758
7.979
41.793
89.670
80.388
65.349
70.268
-0.589
33.086
36.872
11.722
65.450
45.911
73.829
47.229
42.814
32.204
47.842
74.978
67.916
20.199
15.640
3.661
7.592
28.438
2.936
31.219
82.848
66.746
3.858
17.304
12.919
41.235
59.700
79.006
20.573
7.542
13.525
39.938
93.904
61.487
89.759
55.071
43.609
67.800
1.526
50.432
59.267
11.433
72.908
51.514
7.727
20.995
47.984
25.176
46.972
15.817
19.395
frame end
79.410
85.073
39.563
46.729
84.173
78.823
54.547
29.582
13.439
77.639
29.117
73.769
62.774
87.884
59.102
79.481
63.557
38.416
84.177
8.684
9.586
1.290
86.432
30.097
57.844
47.654
28.219
35.666
91.252
23.429
48.231
72.226
-3.396
93.479
51.658
59.041
83.610
55.366
21.008
77.788
29.131
43.727
26.518
70.271
19.174
69.525
70.644
77.802
-0.932
46.675
70.100
90.271
42.240
73.240
75.838
38.953
64.524
12.937
31.616
91.305
4.708
41.440
53.808
72.186
91.741
51.311
15.592
22.584
91.260
28.637
50.064
7.475
42.243
89.273
80.460
65.922
70.269
-1.013
31.506
36.815
10.812
66.412
45.947
74.037
47.585
42.780
32.932
47.284
74.603
68.007
20.185
15.941
4.289
8.398
27.944
3.011
31.154
82.494
67.049
3.845
15.806
13.173
41.057
60.017
79.318
21.175
6.952
14.275
39.981
92.836
61.924
89.611
55.549
43.808
67.002
1.517
50.146
58.846
11.500
73.381
51.717
8.416
21.805
48.054
25.142
46.573
15.446
19.503
frame end
79.048
85.537
39.703
46.685
83.638
78.279
55.537
28.830
12.985
77.427
29.333
74.609
62.606
88.494
59.413
79.333
63.545
38.598
83.796
8.946
8.934
0.326
85.812
30.586
58.159
47.626
27.806
35.592
90.641
22.855
47.481
72.410
-3.172
93.140
52.211
59.695
83.789
56.156
21.364
77.749
28.913
43.258
27.286
69.732
18.839
69.712
71.049
78.176
-0.727
46.879
70.176
89.888
42.204
74.211
76.539
38.325
64.690
13.222
30.898
90.908
4.340
40.585
54.319
71.852
91.769
51.502
15.790
22.165
91.875
29.509
50.172
7.868
41.475
89.064
81.409
65.780
70.781
-1.661
30.870
36.387
11.518
67.244
45.791
74.213
47.946
42.989
32.675
47.910
75.764
69.068
19.436
15.793
4.412
7.935
29.104
2.424
32.071
82.679
66.950
3.694
16.013
12.723
41.651
60.627
79.109
21.403
6.401
14.010
40.413
93.112
61.850
90.121
56.115
44.459
67.025
1.938
50.331
59.471
11.448
72.838
51.281
9.364
20.203
47.645
25.750
46.739
15.566
19.894
frame end
