12.348
38.662
10.100
29.716
13.014
14.133
16.093
61.283
46.953
10.373
28.465
14.974
13.160
46.909
12.880
48.163
51.371
2.180
14.375
26.735
62.749
56.421
2.828
5.105
9.328
52.564
33.426
22.110
22.926
21.161
11.058
51.363
3.805
19.211
16.856
50.611
43.376
16.014
62.607
50.853
50.773
52.728
2.615
15.500
43.117
12.085
50.696
46.150
54.528
37.223
48.922
39.452
31.551
15.579
49.151
30.991
50.374
20.900
18.403
8.991
41.054
22.330
48.417
9.340
37.579
19.215
51.256
57.173
45.970
39.573
15.460
44.455
41.604
18.813
46.397
47.105
46.717
45.214
65.198
54.946
35.696
48.504
20.494
46.236
55.316
16.641
12.550
45.242
12.242
12.693
21.124
32.348
19.298
12.843
54.237
32.499
29.708
7.207
11.001
1.853
40.117
35.817
36.874
15.189
50.197
42.039
2.366
5.672
55.860
45.009
52.760
37.782
11.684
10.062
8.361
7.266
41.649
52.270
55.264
8.936
12.873
9.742
2.216
38.120
24.471
26.950
25.862
16.188
frame end
12.550
38.242
10.494
29.361
12.861
13.449
17.277
60.922
46.609
10.011
28.267
14.526
12.761
47.330
13.020
48.882
52.351
2.332
15.355
26.790
63.538
55.254
1.943
4.748
8.895
52.420
33.122
22.822
23.114
21.387
11.375
51.707
3.981
19.296
16.491
50.781
44.483
16.514
62.361
50.278
50.730
51.996
2.458
15.567
43.027
11.801
49.682
45.827
54.178
37.233
49.084
38.984
31.838
15.351
49.154
31.499
50.468
21.044
18.370
8.969
41.184
23.321
47.877
9.366
37.667
19.776
51.498
56.723
46.210
39.153
15.871
44.996
41.780
20.309
46.786
47.309
46.607
44.811
65.068
54.072
35.361
49.049
20.687
45.932
55.185
17.248
12.207
44.489
11.581
13.359
21.658
31.723
18.863
12.564
54.238
31.594
29.870
6.609
10.917
2.090
39.326
35.070
37.311
14.945
50.552
41.752
2.733
5.488
56.645
45.393
53.115
37.513
11.509
10.698
8.490
8.802
41.460
52.605
54.746
9.025
13.457
9.754
2.694
38.317
24.140
27.295
26.218
16.389
frame end
11.942
37.954
11.073
29.075
13.146
14.108
16.899
60.882
46.463
9.661
27.889
15.107
12.435
47.094
12.752
47.957
52.337
1.845
14.833
26.509
63.182
55.466
2.775
4.585
9.067
52.304
32.688
21.892
23.288
21.313
11.485
51.686
3.201
19.067
15.741
51.355
44.265
15.984
62.346
50.122
50.327
51.574
1.406
15.473
42.979
11.636
50.492
46.043
54.985
37.064
49.216
39.309
31.870
14.964
48.604
30.558
50.676
20.450
18.232
8.315
40.959
22.738
48.216
9.632
37.814
19.701
51.228
56.358
46.545
39.125
14.916
44.425
41.426
20.355
45.928
46.883
47.229
45.370
64.696
54.313
35.771
49.054
20.633
46.150
55.076
17.037
12.283
44.878
12.437
13.934
21.516
31.946
18.712
12.356
54.062
31.885
29.119
6.851
10.858
2.119
39.340
35.871
37.546
15.435
50.348
43.103
3.058
5.574
56.465
45.199
52.953
37.095
11.290
10.180
8.136
8.400
41.837
52.058
55.812
9.138
13.556
9.977
3.178
37.518
24.667
27.553
26.398
17.265
frame end
12.512
38.500
10.855
29.625
12.882
13.488
16.709
60.524
45.377
9.562
27.582
14.892
11.941
48.154
12.580
48.526
52.603
1.540
15.112
27.364
62.981
54.955
1.814
5.602
9.154
52.262
33.391
22.713
22.599
21.547
11.274
52.046
2.789
18.452
15.394
51.351
44.750
16.255
61.842
50.232
49.979
52.240
0.875
13.919
43.454
12.251
50.043
45.911
54.761
36.830
49.127
38.690
31.771
16.040
48.733
30.915
50.422
20.346
18.719
8.817
40.839
22.735
48.551
10.164
37.289
19.867
50.948
55.938
46.543
38.762
15.188
44.323
42.182
19.022
46.351
47.238
47.616
45.409
64.632
53.926
35.348
49.609
21.186
45.753
55.270
17.047
13.298
45.642
12.666
13.778
21.531
31.660
17.550
12.897
53.983
32.046
29.423
6.207
11.616
2.471
39.573
34.632
37.506
14.548
51.036
42.245
3.044
6.237
56.750
45.078
51.971
37.313
11.737
10.337
7.716
7.333
42.020
51.832
55.083
9.414
13.590
8.993
1.917
37.444
24.544
26.831
26.157
16.363
frame end
12.162
38.677
11.132
29.953
11.758
13.061
16.206
61.033
45.308
8.891
27.833
14.872
11.866
48.306
12.408
48.717
51.989
1.846
14.790
26.780
63.329
55.147
1.798
6.220
9.491
53.189
33.294
22.270
23.171
21.374
11.589
52.308
2.354
19.299
14.967
51.707
44.251
16.442
60.546
49.209
49.482
52.421
1.768
14.807
42.662
12.466
49.607
45.878
55.560
36.648
48.507
39.112
31.919
16.093
48.805
31.046
50.081
20.286
18.658
8.922
41.417
22.145
48.556
10.049
37.363
19.300
50.704
56.554
46.291
39.444
15.066
44.535
41.899
18.734
46.526
46.996
47.620
46.241
64.414
53.252
34.755
49.426
20.465
46.062
54.423
16.266
13.666
45.680
11.994
13.666
21.120
30.748
16.275
12.757
53.868
32.226
28.811
7.605
11.691
2.369
39.188
33.946
37.203
14.556
51.152
41.474
3.745
5.842
55.893
45.638
53.010
37.762
11.247
10.146
7.900
8.217
42.412
52.414
55.734
8.861
13.267
9.227
1.492
38.194
24.540
25.848
26.093
16.615
frame end
11.715
37.692
10.390
29.701
12.232
13.082
15.907
61.312
45.537
9.688
28.258
14.867
12.522
48.266
13.413
48.492
53.096
3.028
14.646
27.216
63.016
56.371
1.750
6.059
8.872
52.846
34.405
22.553
22.865
21.263
11.591
52.146
2.379
18.810
15.627
51.700
43.615
15.380
60.493
49.334
48.960
52.923
1.498
14.606
42.178
13.086
49.043
46.153
56.346
36.743
50.212
38.786
32.235
16.853
48.448
30.009
49.744
20.132
18.588
9.321
41.628
21.634
48.706
9.365
37.383
19.467
50.505
55.912
46.718
38.735
14.817
44.961
42.129
19.214
45.995
46.533
46.921
46.127
64.767
52.826
35.555
48.884
20.091
45.556
54.853
16.364
13.723
46.049
11.980
14.509
20.934
31.129
16.761
12.970
53.833
33.043
28.478
7.390
11.436
2.206
38.394
34.090
37.684
13.681
50.453
41.642
3.306
5.932
56.135
45.176
52.215
36.912
10.773
9.849
7.754
7.750
41.531
52.507
55.380
8.559
13.335
8.999
1.326
37.698
24.103
26.019
25.891
15.603
frame end
11.353
37.842
10.986
30.671
12.169
13.126
15.973
60.884
45.619
9.541
28.978
14.395
11.755
46.841
13.784
48.670
52.707
2.600
14.778
26.575
63.560
56.446
2.227
5.954
8.705
52.229
34.262
22.172
23.851
21.310
11.501
52.012
2.828
18.747
16.002
51.365
44.392
16.019
62.100
50.059
49.516
52.966
2.060
14.955
42.811
12.803
49.075
45.983
55.719
36.695
49.836
38.976
31.868
16.992
48.649
30.647
49.788
20.300
19.229
8.693
41.228
21.029
48.772
8.645
37.708
19.232
50.890
55.444
46.027
39.114
14.526
44.581
42.118
19.268
46.441
46.372
47.516
46.663
66.044
53.277
35.761
48.849
20.280
46.282
54.555
16.382
12.988
46.351
11.854
13.320
21.787
30.417
17.916
12.801
54.192
32.936
28.968
7.337
11.518
2.204
38.457
34.223
37.210
14.055
49.675
41.801
3.248
7.082
56.418
45.476
52.345
37.188
11.110
9.979
7.538
7.989
42.210
52.698
54.697
8.447
14.184
8.657
-0.304
37.910
24.094
26.323
25.533
16.107
frame end
11.519
37.729
10.607
30.547
11.906
12.993
16.290
61.602
45.990
9.547
28.420
14.234
11.713
47.087
13.275
48.987
53.704
1.436
14.385
26.907
63.882
56.202
2.258
6.540
8.343
51.846
34.686
22.249
23.428
21.487
11.121
52.727
2.331
19.198
15.781
51.835
44.003
15.909
62.185
50.289
49.367
52.882
2.282
14.693
43.330
12.900
49.421
45.885
55.585
36.454
49.856
39.320
31.873
16.474
49.534
31.319
49.781
20.295
18.567
8.773
41.576
21.792
48.476
8.594
37.718
19.487
52.071
55.984
45.535
38.678
14.554
45.003
41.918
19.574
46.122
46.154
48.486
46.668
66.126
53.473
36.196
49.984
20.181
45.328
54.664
16.814
12.977
45.977
11.903
13.051
21.285
31.271
17.697
11.949
54.121
33.333
30.372
7.387
11.764
2.227
38.827
34.677
37.148
14.050
50.684
41.856
3.134
6.101
56.210
45.236
53.121
37.699
11.557
10.265
7.432
7.311
41.382
52.968
54.497
8.920
13.425
8.968
0.196
38.482
23.951
26.231
25.972
15.881
frame end
12.024
36.865
11.582
29.960
11.645
13.384
15.611
61.354
45.823
9.906
28.872
14.335
12.028
46.771
13.480
48.232
53.641
1.029
14.513
26.945
63.790
56.698
2.934
5.744
8.715
51.293
34.626
21.345
23.366
21.862
10.470
52.495
2.824
19.375
15.058
51.175
44.634
15.862
61.750
49.968
49.403
52.772
1.696
14.533
42.547
12.679
48.735
45.938
55.876
36.635
50.324
38.929
32.041
16.938
49.157
31.414
49.633
19.977
18.043
8.147
42.034
21.696
47.723
9.087
37.931
19.515
51.115
55.948
45.454
38.606
14.792
44.240
41.941
18.217
47.229
46.998
48.382
46.877
66.052
53.145
36.178
50.837
20.598
46.329
54.402
16.794
13.043
45.971
11.398
13.471
22.194
31.089
16.586
12.118
53.437
33.001
29.187
7.702
11.892
3.071
39.444
34.791
37.534
13.556
50.718
41.605
3.531
6.015
55.010
45.793
52.490
37.107
12.310
10.262
7.437
7.250
40.998
52.106
54.038
9.023
13.335
7.921
0.136
37.884
24.076
26.714
25.498
15.438
frame end
11.523
36.978
11.144
30.728
11.462
14.011
16.149
61.509
46.087
9.794
27.894
14.888
11.373
47.798
12.528
47.968
52.736
1.409
14.372
26.696
64.030
56.735
3.520
6.914
8.637
51.635
34.033
22.172
24.248
22.190
10.546
52.414
2.962
19.365
15.383
51.194
43.462
15.740
61.388
50.682
49.211
52.447
2.368
14.591
42.646
13.248
50.218
46.076
56.747
36.580
49.746
39.190
32.416
16.566
48.935
30.732
50.443
22.436
17.968
8.756
42.261
22.417
48.506
9.307
38.148
19.504
50.800
56.171
45.825
39.519
14.639
43.900
41.319
18.550
47.491
46.791
47.609
46.302
66.557
52.910
36.004
50.065
20.291
46.763
54.645
16.595
12.678
45.987
11.817
14.087
22.022
31.055
16.362
11.866
54.605
32.154
29.881
7.028
12.347
3.406
39.269
34.712
37.661
13.610
50.651
41.759
4.017
5.620
55.331
46.789
52.153
36.530
12.519
9.771
7.504
8.051
41.159
52.075
55.011
9.893
13.450
7.871
-0.094
38.104
24.990
26.303
26.570
16.092
frame end
