45.943
8.525
42.899
55.000
59.320
55.983
62.458
16.512
54.599
24.783
51.407
65.787
44.571
45.986
2.240
47.593
18.282
27.955
16.305
59.429
24.411
28.534
36.358
52.032
35.783
21.545
52.604
14.878
72.086
48.563
40.754
20.847
42.289
65.199
53.499
9.100
20.551
7.222
52.734
3.777
13.197
42.670
50.950
56.813
13.443
14.507
-1.801
29.708
35.937
66.135
36.958
67.490
9.179
5.608
15.538
52.731
65.708
18.388
46.724
28.159
54.076
10.440
7.320
42.305
62.317
66.857
15.702
17.808
37.615
13.556
28.389
20.970
51.285
16.232
57.606
53.553
25.879
25.570
18.259
48.563
15.676
44.952
53.575
55.975
31.236
22.423
18.180
8.187
15.183
25.704
52.062
57.109
19.702
52.820
50.189
15.769
12.950
30.714
8.137
35.619
15.424
58.261
10.674
61.274
37.336
57.790
45.421
51.460
20.234
54.249
26.083
16.771
21.193
27.596
43.782
52.715
2.102
35.766
51.885
36.751
45.000
23.034
15.643
56.035
17.072
64.469
16.556
17.780
frame end
45.437
9.204
42.717
54.242
59.561
56.051
62.671
16.543
55.142
23.407
51.314
65.961
45.026
46.438
2.312
48.098
18.956
28.010
16.127
60.013
24.341
28.149
36.354
51.983
35.786
21.483
52.426
15.590
72.248
48.544
40.775
20.217
42.000
64.810
53.012
8.804
20.719
8.083
52.222
2.686
12.748
41.933
51.444
56.643
13.429
14.866
-2.565
30.022
35.706
65.431
37.059
67.717
9.747
5.989
15.733
51.681
65.318
18.753
46.422
27.255
54.478
11.098
7.422
42.405
62.292
67.017
15.578
17.585
37.467
13.636
28.766
21.234
50.996
16.299
57.098
53.104
26.123
25.448
18.480
48.395
15.777
44.611
53.205
55.900
31.520
23.255
17.472
8.028
16.476
25.360
52.534
56.167
20.184
53.524
50.747
15.551
12.759
30.241
9.067
35.204
15.232
58.544
10.477
61.580
37.386
57.380
45.073
51.936
19.528
54.483
26.352
16.437
21.124
27.038
43.866
53.687
1.980
35.618
53.023
36.261
46.109
23.239
16.201
55.669
17.182
64.655
17.331
17.168
frame end
45.786
9.085
42.692
54.817
60.172
56.688
62.240
16.874
55.026
23.144
51.035
65.696
44.493
46.113
2.196
48.750
18.260
29.544
15.345
59.501
24.241
28.371
36.097
52.748
35.658
21.642
52.361
14.990
73.402
48.027
40.206
19.506
42.009
64.704
53.139
9.131
20.780
8.357
51.705
3.280
13.439
42.708
50.947
56.099
12.054
13.927
-3.164
30.731
36.692
64.923
37.618
67.513
9.616
5.315
15.467
52.546
64.811
19.178
46.618
27.986
53.858
11.358
7.202
41.677
62.285
67.014
15.827
17.612
37.617
12.793
28.198
21.012
51.355
15.985
57.326
53.533
25.971
25.527
19.519
48.574
15.899
44.703
53.594
56.192
32.172
23.258
17.535
8.252
15.371
24.935
52.171
56.832
19.897
53.904
50.981
15.660
12.461
29.687
8.248
35.094
14.952
58.363
9.902
60.977
38.151
57.417
45.222
52.254
20.326
54.083
27.253
16.006
21.914
26.524
44.349
54.373
1.590
35.980
53.309
36.330
45.133
24.288
16.323
55.700
17.351
64.317
17.845
17.286
frame end
45.694
8.845
43.424
54.657
60.052
56.873
61.672
17.445
54.987
23.023
51.014
66.132
44.331
45.525
2.358
48.132
18.223
29.389
15.430
59.895
24.939
27.619
36.534
52.550
35.363
22.065
52.293
14.912
73.748
47.973
40.926
18.825
42.834
65.198
52.072
8.118
19.636
8.013
51.345
2.747
14.092
42.012
51.784
56.401
12.741
13.982
-2.195
29.381
36.154
64.556
36.539
68.220
9.564
5.132
15.151
52.469
65.049
18.369
46.406
27.727
53.146
10.853
6.802
41.851
62.864
66.697
15.783
18.209
37.852
12.998
28.143
20.632
50.867
16.262
57.624
52.696
25.463
25.491
19.742
48.554
15.477
43.819
53.716
56.233
32.056
23.421
17.371
7.562
15.455
25.538
52.238
55.718
19.925
54.223
50.571
15.625
12.082
29.555
8.634
35.167
14.922
57.467
9.548
60.801
37.335
56.892
46.532
52.622
20.697
53.650
26.635
15.953
21.765
26.987
44.174
54.345
0.886
35.067
53.969
36.195
45.750
23.149
16.030
55.988
17.624
64.531
17.380
17.207
frame end
45.693
8.399
43.282
54.600
59.388
56.732
61.810
16.446
55.019
23.885
51.338
65.811
44.740
45.521
2.282
47.872
18.993
29.141
15.060
59.236
25.047
27.585
36.934
53.222
34.844
21.926
52.525
14.534
73.524
48.187
39.988
18.993
42.326
66.108
52.374
8.036
18.892
9.053
52.358
2.662
13.481
42.054
51.401
56.917
13.019
14.489
-2.433
29.338
35.931
64.222
37.144
67.913
8.992
5.504
15.013
52.033
64.413
19.068
46.850
27.678
53.997
10.932
7.006
42.436
61.878
66.897
15.740
17.415
37.906
13.529
28.591
20.703
50.882
16.237
57.714
52.858
25.737
25.457
18.924
48.656
16.072
45.092
52.936
56.097
32.056
23.558
16.849
7.784
16.137
25.292
52.041
56.198
20.197
53.406
50.618
15.624
12.181
30.633
9.694
35.567
15.168
57.394
9.776
61.420
36.679
57.370
46.937
52.617
20.459
53.565
26.402
15.670
21.865
27.341
44.470
54.354
0.561
35.699
54.187
37.124
45.747
24.534
16.792
55.607
17.043
63.812
17.405
17.062
frame end
46.358
8.621
43.964
54.394
59.411
57.633
62.294
17.509
55.737
23.314
51.986
66.162
44.943
45.589
2.244
47.547
18.247
29.204
14.838
59.302
24.729
28.225
36.537
52.732
35.238
21.636
52.460
14.746
73.853
48.038
39.684
19.034
42.586
64.843
53.419
7.957
19.929
9.147
51.809
3.055
12.968
42.395
52.062
57.585
12.891
14.146
-1.681
29.663
36.557
64.217
36.120
68.235
9.000
5.035
15.886
51.290
65.618
19.718
45.929
27.998
53.926
10.784
6.821
42.520
62.420
66.844
15.747
17.407
37.471
13.128
27.781
20.622
50.752
16.636
57.493
52.831
25.869
25.923
18.824
48.340
16.276
44.337
52.863
55.780
31.948
22.862
16.915
8.060
16.797
26.199
51.725
55.960
20.490
53.706
50.682
15.459
12.576
30.467
9.475
34.736
15.010
58.416
9.973
62.006
37.292
56.320
46.298
52.585
19.337
53.177
26.129
15.725
21.560
27.268
44.864
54.320
0.797
34.937
53.894
37.251
45.375
24.081
16.636
55.705
17.284
63.541
17.462
16.741
frame end
46.918
9.097
43.481
54.025
59.081
56.638
61.723
17.716
55.254
22.715
51.152
65.688
44.808
45.958
1.512
47.721
18.388
28.896
15.786
58.804
24.369
27.946
36.907
53.203
34.295
21.367
52.316
15.006
72.846
47.925
40.422
19.456
42.751
64.761
53.085
7.932
19.910
8.456
51.652
3.276
12.809
42.062
52.148
57.238
12.801
13.550
-1.573
29.977
36.619
64.235
36.482
67.707
8.569
4.745
15.664
51.332
65.896
19.789
46.297
27.739
53.906
10.573
7.236
42.802
61.601
65.895
15.817
16.890
38.185
13.247
27.423
20.034
51.471
16.787
58.007
52.731
25.878
26.746
18.805
47.882
16.013
44.154
52.462
55.255
30.930
23.334
17.171
7.690
16.612
26.410
51.702
56.260
20.120
53.770
50.972
15.224
13.328
30.723
8.953
35.127
14.896
58.312
10.413
61.683
37.418
55.784
46.862
53.664
19.225
53.897
25.642
16.262
21.139
27.594
45.017
54.588
0.505
35.704
53.836
36.971
45.653
23.602
17.117
55.245
16.257
63.024
16.865
16.674
frame end
45.984
8.724
44.111
54.818
58.504
56.582
62.052
17.564
54.845
22.855
51.630
65.284
44.370
46.117
1.968
47.334
18.318
29.327
15.529
58.500
24.251
27.834
36.821
52.369
34.138
21.902
52.593
14.548
72.547
47.518
40.483
19.731
42.629
64.828
53.070
7.923
19.513
8.017
51.602
2.755
12.484
42.134
51.272
56.840
12.868
13.951
-1.262
30.054
36.390
64.802
36.613
67.582
9.402
5.409
15.682
51.388
66.188
19.699
47.274
27.314
54.233
10.947
6.869
42.388
61.915
66.798
14.750
16.486
38.077
12.411
27.343
21.120
51.599
16.138
58.015
53.333
26.402
26.774
18.369
48.381
16.037
44.976
52.924
55.296
30.614
23.270
17.168
7.750
17.378
26.422
50.906
55.276
20.126
53.454
50.694
15.651
12.456
30.315
9.085
34.610
15.311
57.849
10.795
61.490
37.582
55.457
46.638
53.199
19.690
53.063
26.495
15.459
21.281
27.701
44.847
54.378
1.185
36.604
53.528
36.665
46.099
24.017
16.837
54.404
17.242
63.416
17.273
17.222
frame end
46.278
7.998
43.755
53.896
59.005
56.709
61.929
16.968
55.541
23.165
51.565
65.619
44.426
45.753
2.443
47.691
18.530
29.387
15.665
59.327
24.781
28.617
36.303
51.985
33.760
22.753
52.336
14.935
72.587
47.413
40.850
20.185
43.194
64.255
53.112
8.202
19.369
8.040
51.803
2.834
12.325
42.305
51.624
56.733
12.693
14.023
-1.240
29.586
36.288
65.452
37.340
67.342
9.517
5.265
15.991
51.593
66.204
17.763
46.756
27.844
54.388
10.825
7.297
41.421
62.147
66.851
14.465
17.024
38.060
12.795
27.201
19.641
51.586
16.279
58.296
52.671
26.832
27.112
18.401
48.434
15.975
45.097
53.233
55.670
30.602
23.338
16.872
8.115
17.952
26.691
51.364
56.124
20.213
54.287
50.899
16.197
12.614
29.419
8.757
35.179
15.370
58.425
10.663
61.678
37.794
56.091
46.239
52.293
19.987
53.104
27.150
15.712
20.768
27.370
44.790
54.779
1.637
36.585
53.540
36.176
46.274
24.027
17.269
54.382
17.015
63.722
15.837
16.341
frame end
46.236
8.453
42.540
54.041
58.829
57.286
61.688
16.313
54.924
22.668
52.066
65.948
44.401
45.491
3.436
47.355
19.175
29.303
14.917
59.602
24.202
28.762
37.530
51.404
33.404
22.801
53.476
14.886
73.010
47.396
40.161
19.105
42.298
64.269
53.110
8.139
20.073
8.521
51.851
3.571
12.279
42.517
50.425
56.680
13.394
14.403
-1.307
29.536
36.893
65.978
36.967
68.297
9.568
5.959
15.557
51.761
66.272
18.289
46.763
27.466
55.057
10.970
7.223
41.365
62.578
66.439
15.680
16.483
37.613
13.399
27.295
19.716
51.791
16.244
58.041
52.367
25.610
27.289
18.430
48.387
17.015
44.552
53.725
56.345
30.883
23.008
15.927
8.203
17.180
25.118
51.659
56.247
19.865
54.315
50.924
15.283
13.246
30.594
9.214
34.704
16.112
58.547
10.831
62.157
37.918
55.764
46.357
52.176
20.377
52.923
26.966
15.255
20.568
27.706
44.399
55.255
1.541
36.699
52.657
35.449
46.254
22.834
16.878
54.230
17.171
64.277
15.871
16.576
frame end
